229
153
37
26
175
97
45
16
114
69
248
127
90
254
253
126
220
85
181
256
125
206
8
155
156
17
230
33
222
176
51
78
91
20
247
177
58
93
250
143
47
13
246
178
265
121
142
208
148
88
141
83
196
259
134
6
124
233
102
77
81
251
89
138
191
107
19
190
202
188
139
108
157
204
41
161
39
165
227
249
146
140
61
49
2
179
261
7
244
212
213
168
84
72
189
98
38
215
132
195
123
1
185
27
128
99
239
226
82
257
228
116
133
135
154
245
25
145
258
28
149
238
186
18
241
35
23
174
53
224
43
119
115
137
109
31
122
223
151
66
106
194
64
12
63
150
54
32
216
30
236
162
48
243
112
205
50
217
52
163
21
36
105
14
87
234
237
22
203
76
101
214
11
231
211
264
173
74
113
198
171
111
79
75
129
152
197
180
80
130
169
24
71
262
136
57
5
207
3
164
218
219
15
118
120
225
94
159
209
192
201
95
252
60
182
242
255
29
187
96
40
100
92
56
200
62
172
70
263
166
4
160
210
10
170
158
117
44
221
235
240
9
42
193
167
73
67
34
59
68
65
232
260
131
86
199
55
144
147
46
183
184