79
33
162
193
18
64
91
19
100
35
20
2
77
177
11
113
263
243
225
45
127
97
165
30
25
155
119
67
200
133
120
131
43
65
39
15
245
88
223
134
61
22
36
13
152
176
249
9
190
21
118
48
75
137
129
85
178
82
95
180
59
102
184
87
142
232
163
70
215
172
250
174
151
164
157
198
253
251
141
262
217
231
203
212
201
116
148
230
246
17
47
71
252
161
144
86
124
109
57
244
195
60
210
183
84
236
257
171
23
108
46
221
112
197
38
199
261
94
248
121
92
154
247
214
159
228
37
72
204
53
167
240
66
207
74
90
29
62
6
42
226
234
76
168
242
139
149
224
179
55
98
175
81
99
83
130
146
202
136
51
206
209
235
69
24
132
258
213
31
138
255
191
1
140
187
238
239
41
123
182
219
153
241
44
194
49
220
78
16
105
40
128
28
80
216
12
101
106
10
218
135
32
3
27
186
169
50
173
150
34
260
8
256
89
222
93
145
170
264
126
63
160
111
237
166
265
205
259
208
96
56
125
196
26
58
107
114
181
188
156
143
54
117
115
254
147
5
158
185
192
68
229
14
122
227
73
52
189
211
233
4
7